1 15 6 2016 16 10 228 707 0 18 Niimivwaotsalkpbxiokevbedlk
2 2 2 2005 1 20 247 99 3 18 Mfjyubc
3 9 3 2012 13 9 65 393 0 18 Wofyyjwknvqbnh
4 4 11 2016 21 51 27 259 0 18 Xqfbfefw
5 29 12 2012 5 14 628 244 0 18 Yqdtbksb
6 27 2 2000 21 43 742.01 104 2 18 Bbbkljkghjon
7 18 9 2008 23 29 585 746 3 18 Fhaladqin
8 8 12 2012 11 20 818.421 941 1 18 Bfgikmjsrjpkthjcxqggtmoyya
9 18 3 2014 21 10 541 143 0 18 Avlrld
10 6 1 2019 8 40 631 402 3 18 Tooajt
11 14 3 2013 22 27 91 898 0 18 Iboaa
12 31 5 2011 10 7 305.191 919 2 18 Ilrbnwnjisellnn
